1 -1
2 4201.59
3 4201.62
4 4275.8
5 4276.29
6 4274.69
7 4274.69
8 4276.86
9 4283.04
10 4198.46
11 3951.1
12 3756.82
13 3096.49
14 3086.56
15 3027.41
16 3004
17 2827.79
18 2730.01
19 2695.98
20 2694.57
21 2665.95
22 2658.96
23 2657.18
24 2576.14
25 2569.3
26 2566.98
27 2497.12
28 2364.06
29 2357.3
30 2357.33
31 2340.67
32 2176.54
33 2140.19
34 1980.43
35 1996.66
36 1996.66
37 1993.5
38 1993.71
39 2023.76
40 2014.73
41 1965.12
42 1846.62
43 1815.2
44 1815.22
45 1813.41
46 1806.64
47 1806.35
48 1804.71
49 1794.45
50 1794.45
51 1789.15
52 1786.44
53 1781.09
54 1780.77
55 1780.67
56 1780.67
57 1775.58
58 1772.5
59 1772.44
60 1767.75
61 1767.75
62 1767.76
63 1762.41
64 1760.34
65 1760.77
66 1760.78
67 1760.78
68 1760.7
69 1756.96
70 1756.96
71 1751.83
72 1751.77
73 1751.77
74 1748.94
75 1744.77
76 1745.49
77 1744.19
78 1743.04
79 1739.08
80 1730.84
81 1730.38
82 1729.66
83 1723.37
84 1680.62
85 1671.31
86 1671.21
87 1668.42
88 1668.42
89 1665.53
90 1666
91 1662.23
92 1662.17
93 1662.48
94 1662.24
95 1661.63
96 1655.76
97 1656.08
98 1657.86
99 1654.52
100 1654.53
101 1652.4
102 1648.63
103 1645.22
104 1642.76
105 1641.5
106 1641.1
107 1641.01
108 1640.48
109 1640.48
110 1638.66
111 1638
112 1637.74
113 1637.74
114 1636.62
115 1631.26
116 1630.32
117 1630.04
118 1630.7
119 1619.64
120 1619.05
121 1618.93
122 1618.84
123 1618.99
124 1608.51
125 1608.51
126 1603.6
127 1603.6
128 1603.29
129 1603.24
130 1599.89
131 1599.98
132 1598.15
133 1597.09
134 1591.1
135 1588.53
136 1584.04
137 1583.86
138 1583.74
139 1583.74
140 1581.06
141 1568.46
142 1559.81
143 1554.87
144 1554.46
145 1554.86
146 1554.03
147 1538.31
148 1538.31
149 1538.31
150 1538.42
151 1546.21
152 1546.14
153 1546.27
154 1535.04
155 1535.04
156 1534.5
157 1534.52
158 1535.1
159 1534.37
160 1530.06
161 1530.95
162 1530.95
163 1530.71
164 1513.33
165 1513.33
166 1512.47
167 1512.63
168 1508.45
169 1508.45
170 1508.52
171 1508.37
172 1497.67
173 1497.67
174 1494.81
175 1494.91
176 1494.36
177 1492.6
178 1490.94
179 1490.94
180 1489.75
181 1489.75
182 1487.2
183 1487.2
184 1487.2
185 1486.34
186 1482.54
187 1485.01
188 1486.44
189 1480.33
190 1474.09
191 1474.18
192 1458.37
193 1458.37
194 1473.66
195 1470.39
196 1470.39
197 1470.25
198 1470.37
199 1462
200 1462
201 1452.65
202 1452.65
203 1447.78
204 1444.85
205 1438.92
206 1438.82
207 1442.49
208 1439.14
209 1438.41
210 1434.78
211 1434.78
212 1426.57
213 1426.62
214 1427.31
215 1426.76
216 1420.44
217 1421.54
218 1418.3
219 1418.35
220 1418.37
221 1418.37
222 1418.17
223 1417.26
224 1417.26
225 1416.84
226 1416.84
227 1413.88
228 1413.01
229 1412.6
230 1412.6
231 1412.67
232 1399.87
233 1399.17
234 1398.56
235 1398.76
236 1397.66
237 1397.48
238 1397.38
239 1397.21
240 1396.45
241 1396.45
242 1396.06
243 1395.72
244 1392.93
245 1392.68
246 1392.68
247 1388.15
248 1386.74
249 1385.13
250 1385.13
251 1385.02
252 1384.92
253 1384.9
254 1384.62
255 1384.62
256 1384.62
257 1384.66
258 1384.41
259 1384.62
260 1384.6
261 1384.46
262 1384.39
263 1384.14
264 1382.82
265 1382.35
266 1382.35
267 1382.32
268 1381.57
269 1379.42
270 1379.81
271 1379.82
272 1379.45
273 1379.45
274 1379.45
275 1377.34
276 1378.58
277 1377.13
278 1375.38
279 1375.28
280 1375.3
281 1374.88
282 1374.22
283 1374.22
284 1374.22
285 1373.91
286 1373.47
287 1373.31
288 1372.54
289 1371.77
290 1372.12
291 1371.55
292 1371.55
293 1367.76
294 1367.59
295 1367.59
296 1367.58
297 1367.44
298 1361.97
299 1361.97
300 1354.94
301 1361.04
302 1361.62
303 1361.77
304 1361.77
305 1360.13
306 1360.1
307 1359.95
308 1359.89
309 1356.15
310 1356.41
311 1356.16
312 1355.85
313 1355.23
314 1355.23
315 1354.89
316 1354.84
317 1352.14
318 1350.47
319 1350.59
320 1350.47
321 1350.47
322 1350.24
323 1350.26
324 1350.26
325 1350.09
326 1350.13
327 1350.13
328 1349.32
329 1349.47
330 1349.53
331 1349.53
332 1346.84
333 1347.15
334 1348.14
335 1347.48
336 1347.32
337 1346.95
338 1345.88
339 1344.08
340 1342.99
341 1343
342 1343.08
343 1342.7
344 1343
345 1342.82
346 1342.66
347 1342.07
348 1341.34
349 1341.34
350 1341.21
351 1341.22
352 1341.15
353 1341.15
354 1339.49
355 1317.81
356 1318.75
357 1313.22
358 1313.21
359 1313.21
360 1313.26
361 1313.16
362 1313.04
363 1312.2
364 1309.34
365 1309.02
366 1309.01
367 1295.91
368 1292.13
369 1285.12
370 1285.14
371 1285.13
372 1285.37
373 1285.37
374 1285.37
375 1285.37
376 1285.22
377 1283.86
378 1284.12
379 1284.67
380 1283.47
381 1283.47
382 1282.37
383 1280.91
384 1280.2
385 1280.08
386 1279.89
387 1279.89
388 1279.68
389 1278.88
390 1278.88
391 1278.9
392 1278.85
393 1277.96
394 1277.96
395 1278.02
396 1278.02
397 1277.22
398 1276.9
399 1276.63
400 1276.63
401 1276.92
402 1272.52
403 1272.41
404 1272.38
405 1272.46
406 1272.46
407 1272.17
408 1271.95
409 1270.89
410 1270.52
411 1269.31
412 1269.1
413 1269.1
414 1268.72
415 1269.03
416 1268.68
417 1268.55
418 1268.46
419 1268.5
420 1268.43
421 1268.43
422 1268.54
423 1268.13
424 1268.13
425 1268.08
426 1267.87
427 1267.89
428 1267.72
429 1267.84
430 1261.35
431 1261.33
432 1261.32
433 1261.4
434 1261.31
435 1261.31
436 1260.6
437 1259.95
438 1259.18
439 1259.25
440 1259.25
441 1259.65
442 1256.21
443 1256.22
444 1258.22
445 1258.19
446 1258.28
447 1258.29
448 1256.94
449 1258.13
450 1257.39
451 1257.69
452 1257.5
453 1256.92
454 1256.89
455 1256.95
456 1256.1
457 1256.1
458 1255.06
459 1254.74
460 1254.64
461 1253.99
462 1254.01
463 1252.44
464 1251.31
465 1251.31
466 1251.68
467 1251.74
468 1251.67
469 1251.57
470 1251.56
471 1251.02
472 1251.24
473 1250.35
474 1250.36
475 1250.01
476 1249.99
477 1249.85
478 1249.19
479 1249.19
480 1249.21
481 1249.32
482 1249.31
483 1248.86
484 1248.73
485 1248.93
486 1248.12
487 1248.04
488 1247.62
489 1247.77
490 1247.77
491 1247.61
492 1247.52
493 1247.52
494 1247.52
495 1247.5
496 1247.55
497 1247.22
498 1247.2
499 1244.46
500 1243.77
501 1243.65
502 1237.32
503 1237.32
504 1234.51
505 1234.63
506 1234.62
507 1234.62
508 1234.62
509 1234.4
510 1234.4
511 1233.89
512 1233.9
513 1233.84
514 1233.51
515 1233.34
516 1233.34
517 1233.2
518 1233.2
519 1232.93
520 1232.93
521 1232.99
522 1233.66
523 1233.69
524 1233.01
525 1232.52
526 1232.45
527 1233.12
528 1232.78
529 1232.54
530 1233.02
531 1232.53
532 1232.32
533 1232.88
534 1231.65
535 1231.64
536 1231.76
537 1229.77
538 1227.6
539 1227.7
540 1227.68
541 1227.75
542 1227.92
543 1227.7
544 1227.3
545 1224.37
546 1224.23
547 1224.87
548 1225
549 1224.35
550 1224.35
551 1224.27
552 1210.75
553 1210.82
554 1210.46
555 1209.61
556 1209.27
557 1209.36
558 1205.99
559 1207.27
560 1206.52
561 1205.49
562 1205.52
563 1206.31
564 1206.3
565 1206.33
566 1200.97
567 1200.09
568 1200.01
569 1199.43
570 1177.52
571 1195.91
572 1198.38
573 1197.85
574 1190.87
575 1176.94
576 1176.45
577 1176.44
578 1176.27
579 1174.88
580 1174.88
581 1175.37
582 1175.57
583 1175.72
584 1173.57
585 1173.62
586 1173.52
587 1173.52
588 1174.52
589 1174.41
590 1173.9
591 1173.69
592 1174.22
593 1174.52
594 1173.51
595 1173.42
596 1173.3
597 1173.01
598 1171.99
599 1173.01
600 1173.01
601 1172.91
602 1172.93
603 1172.45
604 1172.43
605 1173.1
606 1173.19
607 1172.1
608 1172.23
609 1166.71
610 1167.79
611 1167.74
612 1167.23
613 1167.07
614 1167.01
615 1156.23
616 1156.17
617 1154.46
618 1154.52
619 1152.2
620 1152.31
621 1152.2
622 1152.6
623 1151.79
624 1151.23
625 1150.73
626 1150.7
627 1147.95
628 1147.94
629 1147.92
630 1146.63
631 1146.63
632 1146.18
633 1146.18
634 1146.54
635 1146.41
636 1146.23
637 1146.08
638 1146.25
639 1146.23
640 1144.98
641 1143.18
642 1145.54
643 1145.54
644 1145.89
645 1145.7
646 1145.47
647 1145.47
648 1145.1
649 1145.04
650 1144.94
651 1145.04
652 1144.94
653 1144.94
654 1144.92
655 1144.57
656 1144.67
657 1144.55
658 1144.49
659 1144.82
660 1144.64
661 1144.49
662 1144.57
663 1144.15
664 1144.15
665 1144.15
666 1144.09
667 1143.77
668 1143.82
669 1143.63
670 1143.65
671 1143.05
672 1142.98
673 1143
674 1141.91
675 1142.74
676 1141.87
677 1141.92
678 1142.78
679 1142.71
680 1142.54
681 1142.45
682 1141.98
683 1141.85
684 1141.85
685 1141.85
686 1141.85
687 1141.29
688 1141.65
689 1140.92
690 1139.17
691 1139.28
692 1139.14
693 1139.17
694 1137.8
695 1138.04
696 1137.8
697 1137.88
698 1135.55
699 1137.43
700 1135.72
701 1135.55
702 1135.1
703 1135.1
704 1135.36
705 1135.77
706 1135.89
707 1135.98
708 1135.65
709 1135.41
710 1135.15
711 1135.05
712 1135.04
713 1134.33
714 1134.33
715 1133.98
716 1133.94
717 1133.45
718 1133.46
719 1133.42
720 1133.59
721 1133.59
722 1133.49
723 1133.54
724 1133.27
725 1132.72
726 1132.58
727 1132.63
728 1132.63
729 1130.87
730 1130.65
731 1130.65
732 1130.6
733 1130.62
734 1130.44
735 1130.23
736 1130.12
737 1129.66
738 1129.65
739 1129.7
740 1130
741 1129.85
742 1126.34
743 1126.31
744 1125.89
745 1124.52
746 1124.06
747 1124.13
748 1124.14
749 1124.12
750 1123.43
751 1123.38
752 1123.24
753 1122.98
754 1123.28
755 1122.52
756 1122.54
757 1121.65
758 1121.75
759 1121.78
760 1121.74
761 1121.68
762 1121.61
763 1121.36
764 1121.45
765 1121.68
766 1120.98
767 1120.76
768 1120.89
769 1120.87
770 1120.86
771 1120.68
772 1120.72
773 1120.65
774 1120.27
775 1120.45
776 1120.21
777 1120.25
778 1117.58
779 1117.64
780 1116.76
781 1117.74
782 1117.79
783 1117.37
784 1116.9
785 1116.84
786 1116.78
787 1116.48
788 1116.24
789 1116.13
790 1116.02
791 1115.87
792 1115.96
793 1115.79
794 1114.88
795 1115.05
796 1115.18
797 1114.83
798 1114.65
799 1114.66
800 1112.4
801 1112.62
802 1112.63
803 1111.07
804 1112.62
805 1112.56
806 1109.69
807 1109.34
808 1109.34
809 1109.34
810 1109.34
811 1108.84
812 1108.65
813 1108.59
814 1108.54
815 1108.09
816 1107.53
817 1107.91
818 1107.93
819 1107.65
820 1107.46
821 1107.33
822 1107.32
823 1106.32
824 1106.32
825 1106.31
826 1106.07
827 1106.09
828 1106.08
829 1106.3
830 1104.81
831 1104.81
832 1104.92
833 1105.34
834 1105.24
835 1105.24
836 1104.73
837 1104.73
838 1104.89
839 1104.89
840 1104.31
841 1104.31
842 1104.26
843 1104.37
844 1104.42
845 1104.38
846 1104.12
847 1104.12
848 1104.09
849 1104.1
850 1104.11
851 1103.82
852 1104.02
853 1103.91
854 1103.91
855 1103.54
856 1103.3
857 1103.3
858 1103.3
859 1102.75
860 1102.75
861 1101.23
862 1102.61
863 1102.61
864 1102.61
865 1102.63
866 1102.63
867 1102.64
868 1102.53
869 1102.53
870 1102.51
871 1102.48
872 1102.48
873 1102.38
874 1102.41
875 1102.33
876 1102.25
877 1101.96
878 1101.96
879 1101.76
880 1101.54
881 1101.55
882 1101.55
883 1101.55
884 1101.72
885 1101.03
886 1101.13
887 1101.12
888 1101.1
889 1101.09
890 1101.03
891 1100.98
892 1100.72
893 1100.44
894 1100.38
895 1100.34
896 1100.31
897 1100.28
898 1100.29
899 1100.31
900 1100.33
901 1100.27
902 1099.91
903 1099.89
904 1100.04
905 1100.04
906 1099.94
907 1099.93
908 1099.84
909 1099.7
910 1099.7
911 1099.7
912 1099.77
913 1099.75
914 1099.45
915 1099.22
916 1098.92
917 1099.53
918 1099.61
919 1099.34
920 1099.29
921 1099.49
922 1099.51
923 1099.43
924 1099.29
925 1099.25
926 1098.97
927 1099.06
928 1098.83
929 1098.83
930 1098.83
931 1098.83
932 1098.6
933 1098.79
934 1098.7
935 1098.7
936 1098.73
937 1098.57
938 1098.41
939 1098.42
940 1098.11
941 1098.17
942 1098.23
943 1098.19
944 1098
945 1098
946 1098
947 1097.91
948 1097.94
949 1097.85
950 1097.82
951 1097.78
952 1097.78
953 1097.86
954 1097.89
955 1097.85
956 1097.8
957 1097.8
958 1097.8
959 1097.26
960 1096.61
961 1096.63
962 1096.58
963 1096.58
964 1096.58
965 1096.6
966 1096.48
967 1096.49
968 1096.42
969 1096.53
970 1096.53
971 1096.41
972 1096.24
973 1096.24
974 1096.27
975 1096.26
976 1096.05
977 1095.07
978 1095.07
979 1095.9
980 1095.71
981 1095.8
982 1095.8
983 1095.74
984 1095.81
985 1095.81
986 1095.81
987 1095.66
988 1095.69
989 1095.68
990 1095.75
991 1095.66
992 1095.55
993 1095.52
994 1095.5
995 1095.48
996 1095.45
997 1095.45
998 1095.43
999 1095.34
1000 1095.34
1001 1095.34
1002 1095.39
1003 1095.27
1004 1095.23
1005 1095.4
1006 1095.38
1007 1094.27
1008 1094.23
1009 1094.23
1010 1094.23
1011 1094.48
1012 1094.46
1013 1094.14
1014 1094.15
1015 1093.89
1016 1093.89
1017 1093.44
1018 1093.44
1019 1093.44
1020 1093.39
1021 1093.34
1022 1093.28
1023 1092.47
1024 1092.42
1025 1093.32
1026 1093.16
1027 1093.25
1028 1093.27
1029 1093.18
1030 1093.18
1031 1092.96
1032 1092.96
1033 1092.87
1034 1092.87
1035 1092.73
1036 1092.73
1037 1092.69
1038 1092.69
1039 1092.58
1040 1092.72
1041 1092.69
1042 1092.66
1043 1092.78
1044 1092.71
1045 1092.36
1046 1092.36
1047 1092.34
1048 1092.1
1049 1092.33
1050 1092.56
1051 1092.6
1052 1092.6
1053 1092.32
1054 1092.53
1055 1092.47
1056 1092.42
1057 1092.35
1058 1092.33
1059 1092.36
1060 1092.34
1061 1092.31
1062 1092.25
1063 1092.17
1064 1092.15
1065 1092.33
1066 1092.27
1067 1092.03
1068 1091.95
1069 1091.95
1070 1091.96
1071 1091.89
1072 1091.9
1073 1091.91
1074 1092
1075 1092
1076 1091.84
1077 1091.84
1078 1091.77
1079 1091.68
1080 1091.58
1081 1091.58
1082 1091.57
1083 1091.57
1084 1091.57
1085 1091.61
1086 1091.74
1087 1091.65
1088 1091.68
1089 1091.48
1090 1091.75
1091 1091.72
1092 1088.87
1093 1088.99
1094 1089.12
1095 1089.12
1096 1089
1097 1089.04
1098 1089.02
1099 1089
1100 1088.94
1101 1088.92
1102 1088.92
1103 1088.6
1104 1088.38
1105 1088.65
1106 1088.66
1107 1088.64
1108 1088.33
1109 1088.36
1110 1088.4
1111 1088.05
1112 1088.07
1113 1088.02
1114 1088.02
1115 1087.7
1116 1087.86
1117 1087.69
1118 1087.51
1119 1087.49
1120 1087.54
1121 1087.59
1122 1087.59
1123 1087.67
1124 1088.01
1125 1087.69
1126 1087.7
1127 1087.82
1128 1087.84
1129 1087.81
1130 1087.33
1131 1087.29
1132 1087.56
1133 1087.13
1134 1086.95
1135 1086.93
1136 1086.67
1137 1086.67
1138 1086.67
1139 1086.6
1140 1086.45
1141 1086.46
1142 1086.46
1143 1086.45
1144 1086.45
1145 1086.43
1146 1086.36
1147 1086.16
1148 1086.16
1149 1086.09
1150 1085.34
1151 1086.09
1152 1086
1153 1086.08
1154 1086.08
1155 1086.12
1156 1086.01
1157 1086.01
1158 1085.98
1159 1086.03
1160 1086.13
1161 1086.09
1162 1086.04
1163 1084.75
1164 1085.57
1165 1085.45
1166 1084.45
1167 1084.45
1168 1084.59
1169 1084.22
1170 1084.22
1171 1084.19
1172 1084.08
1173 1084.08
1174 1084.11
1175 1083.7
1176 1083.7
1177 1083.77
1178 1083.91
1179 1083.9
1180 1083.81
1181 1083.66
1182 1083.57
1183 1083.72
1184 1083.54
1185 1083.54
1186 1082.85
1187 1083.46
1188 1083.42
1189 1083.29
1190 1083.26
1191 1083.25
1192 1083.16
1193 1083.16
1194 1083.12
1195 1083.16
1196 1083.15
1197 1083.15
1198 1083.15
1199 1083.05
1200 1082.99
1201 1082.91
1202 1082.8
1203 1082.77
1204 1082.68
1205 1082.49
1206 1082.49
1207 1082.57
1208 1082.53
1209 1082.53
1210 1082.53
1211 1082.5
1212 1082.46
1213 1082.22
1214 1082.17
1215 1082.17
1216 1081.93
1217 1082.1

Predictions

-> 0
1,-> 1
-> 2
3,-> 3
-> 4
3,-> 5
-> 6
-> 7
-> 8
-> 9
-> 0
1,-> 1
1,2,-> 2
3,-> 3
-> 4
5,-> 5
-> 6
7,-> 7
8,-> 8
-> 9
-> 0
1,-> 1
2,-> 2
3,-> 3
-> 4
5,-> 5
-> 6
-> 7
-> 8
-> 9
-> 0
-> 9
5,-> 5
-> 5
-> 6
5,-> 5
-> 0
-> 9
8,-> 8
-> 9
-> 8
-> 4
1,-> 1
-> 7
7,-> 7
3,-> 3
-> 5
1,-> 1
-> 0
-> 0
-> 2
-> 2
7,-> 7
-> 8
-> 2
-> 0
1,-> 1
-> 2
-> 6
3,-> 3
3,-> 3
7,-> 7
3,-> 3
3,-> 3
-> 4
-> 6
-> 6
-> 6
1,-> 4
-> 9
1,-> 1
5,-> 5
-> 0
3,-> 9
5,-> 5
-> 2
8,-> 8
-> 2
-> 0
-> 0
1,-> 1
7,-> 7
-> 6
3,-> 3
2,-> 2
1,-> 1
7,-> 7
-> 4
-> 6
3,-> 3
1,-> 1
3,-> 3
3,-> 9
1,-> 1
7,-> 7
-> 6
8,-> 8
-> 4
3,-> 3
1,-> 1
-> 4
-> 0
5,-> 5
7,-> 3
-> 6
-> 9
-> 6
1,3,-> 1
7,-> 7
5,-> 5
-> 4
-> 4
7,-> 7
2,-> 2
-> 8
-> 2
-> 2
5,-> 5
7,-> 7
-> 9
-> 5
-> 4
8,-> 8
-> 8
-> 4
-> 9
-> 0
-> 8
-> 9
-> 8
-> 0
-> 1
2,-> 2
3,-> 3
1,-> 4
5,-> 5
-> 6
7,-> 7
-> 8
-> 9
-> 0
1,-> 1
2,-> 2
3,-> 3
-> 4
5,-> 5
-> 6
7,-> 7
-> 8
-> 9
-> 0
1,-> 1
-> 2
3,-> 3
-> 4
5,-> 5
-> 6
7,-> 7
8,-> 8
3,-> 9
-> 0
3,-> 9
5,-> 5
5,-> 5
-> 6
5,-> 5
-> 0
-> 9
8,-> 8
-> 9
1,-> 8
-> 4
-> 1
7,-> 7
7,-> 7
3,-> 3
5,-> 5
-> 1
-> 0
-> 0
2,-> 2
2,-> 2
7,-> 7
-> 8
2,-> 2
-> 0
1,-> 1
2,-> 2
-> 6
3,-> 3
3,-> 3
7,-> 7
3,-> 3
3,-> 3
-> 4
-> 6
-> 6
-> 6
-> 4
-> 9
1,-> 1
5,-> 5
-> 0
-> 9
5,-> 5
-> 2
8,-> 8
2,-> 2
-> 0
-> 0
1,-> 1
7,-> 7
-> 6
3,-> 3
2,-> 2
1,3,-> 1
7,-> 7
3,-> 3
1,3,-> 1
3,-> 3
-> 9
1,-> 1
7,-> 7
-> 6
-> 8
-> 4
3,-> 3
1,-> 1
-> 4
-> 0
5,-> 5
-> 3
-> 6
3,-> 9
-> 6
1,-> 1
7,-> 7
5,-> 5
-> 4
-> 4
7,-> 7
2,-> 2
-> 8
2,-> 2
-> 2
5,7,-> 5
5,-> 5
-> 4
-> 8
-> 8
-> 4
-> 9
-> 0
-> 8
-> 9
-> 8
-> 0
-> 1
2,-> 2
3,-> 3
-> 4
3,-> 5
-> 6
7,-> 7
-> 8
-> 9
-> 0
1,-> 1
2,-> 2
3,-> 3
-> 4
5,-> 5
-> 6
7,-> 7
8,-> 8
-> 9
-> 0
1,-> 1
2,-> 2
3,-> 3
-> 4
5,-> 5
-> 6
7,-> 7
-> 8
-> 9
-> 0
-> 9
5,-> 5
5,-> 5
-> 6
5,-> 5
5,-> 0
-> 9
8,-> 8
-> 9
-> 8
-> 4
-> 1
7,-> 7
7,-> 7
3,-> 3
5,-> 5
1,-> 1
-> 0
-> 0
2,-> 2
2,-> 2
7,-> 7
-> 8
2,-> 2
-> 0
1,-> 1
2,-> 2
-> 6
3,-> 3
3,-> 3
7,-> 7
3,-> 3
3,-> 3
-> 4
-> 6
-> 6
-> 6
-> 4
-> 9
1,-> 1
5,-> 5
-> 0
-> 9
5,-> 5
2,-> 2
-> 8
2,-> 2
-> 0
-> 0
1,-> 1
7,-> 7
-> 6
3,-> 3
2,-> 2
1,-> 1
7,-> 7
-> 4
-> 6
3,-> 3
1,-> 1
3,-> 3
-> 9
1,-> 1
7,-> 7
-> 6
8,-> 8
-> 4
3,-> 3
1,-> 1
-> 4
-> 0
5,-> 5
3,-> 3
-> 6
-> 9
-> 6
-> 1
7,-> 7
5,-> 5
-> 4
-> 4
7,-> 7
2,-> 2
-> 8
2,-> 2
2,-> 2
5,-> 5
7,-> 7
-> 9
5,-> 5
-> 4
-> 8
-> 8
-> 4
-> 9
-> 0
8,-> 8
-> 9
3,-> 3
-> 0
-> 1
2,-> 2
3,-> 3
-> 4
5,-> 5
-> 6
7,-> 7
-> 8
-> 9
-> 0
1,-> 1
2,-> 2
3,-> 3
-> 4
5,-> 5
-> 6
7,-> 7
8,-> 8
-> 9
-> 0
1,-> 1
2,-> 2
3,-> 3
-> 4
5,-> 5
-> 6
7,-> 7
-> 8
-> 9
-> 0
-> 9
-> 5
5,-> 5
-> 6
-> 5
-> 0
-> 9
-> 8
-> 9
-> 8
-> 4
1,-> 1
7,-> 7
-> 7
3,-> 3
5,-> 5
1,-> 1
-> 0
-> 0
2,-> 2
2,-> 2
7,-> 7
-> 8
2,-> 2
-> 0
1,-> 1
2,-> 2
-> 6
3,-> 3
-> 3
7,-> 7
-> 3
3,-> 3
-> 4
-> 6
-> 6
-> 6
-> 4
-> 9
1,-> 1
-> 5
-> 0
-> 9
5,-> 5
1,2,-> 2
-> 8
2,-> 2
-> 0
-> 0
1,-> 1
7,-> 7
-> 6
3,-> 3
2,-> 2
1,-> 1
7,-> 7
-> 4
-> 6
3,-> 3
1,-> 1
3,-> 3
-> 9
1,-> 1
-> 7
-> 6
-> 8
-> 4
3,-> 3
1,-> 1
-> 4
-> 0
5,-> 5
3,-> 3
-> 6
-> 9
-> 6
1,-> 1
7,-> 7
5,-> 5
-> 4
-> 4
7,-> 7
2,-> 2
-> 8
2,-> 2
-> 2
5,-> 5
7,-> 7
-> 9
5,-> 5
-> 4
-> 8
-> 8
-> 4
-> 9
-> 0
-> 8
-> 9
-> 8
-> 0
1,-> 1
-> 2
-> 3
-> 4
-> 5
-> 6
-> 7
-> 8
-> 9
-> 0
1,-> 1
-> 2
-> 3
-> 4
5,-> 5
-> 6
7,-> 7
-> 8
-> 9
-> 0
1,-> 1
2,-> 2
-> 3
-> 4
5,-> 5
-> 6
7,-> 7
-> 8
-> 9
-> 0
-> 9
5,-> 5
5,-> 5
-> 6
5,-> 5
-> 0
-> 9
-> 8
-> 9
-> 8
-> 4
1,-> 1
7,-> 7
7,-> 7
-> 3
5,-> 5
1,-> 1
-> 0
-> 0
2,-> 2
2,-> 2
7,-> 7
-> 8
2,-> 2
-> 0
1,-> 1
2,-> 2
-> 6
-> 3
3,-> 3
7,-> 7
-> 3
-> 3
-> 4
-> 6
-> 6
-> 6
-> 4
-> 9
1,-> 1
5,-> 5
-> 0
-> 9
5,-> 5
-> 2
-> 8
2,-> 2
-> 0
-> 0
1,-> 1
7,-> 7
-> 6
-> 3
2,-> 2
1,-> 1
7,-> 7
-> 4
-> 6
-> 3
-> 1
-> 3
-> 9
1,-> 1
7,-> 7
-> 6
-> 8
-> 4
-> 3
1,-> 1
-> 4
-> 0
5,-> 5
-> 3
-> 6
-> 9
-> 6
1,-> 1
7,-> 7
5,-> 5
-> 4
-> 4
7,-> 7
2,-> 2
-> 8
2,-> 2
2,-> 2
5,-> 5
7,-> 7
-> 9
5,-> 5
-> 4
-> 8
-> 8
-> 4
-> 9
-> 0
-> 8
-> 9
-> 8
-> 0
1,-> 1
2,3,-> 2
3,-> 3
-> 4
5,-> 5
-> 6
7,-> 7
-> 8
-> 9
-> 0
-> 1
2,-> 2
-> 3
-> 4
5,-> 5
-> 6
7,-> 7
-> 8
-> 9
-> 0
-> 1
2,-> 2
3,-> 3
-> 4
5,-> 5
-> 6
7,-> 7
-> 8
-> 9
-> 0
-> 9
-> 5
5,-> 5
-> 6
5,-> 5
-> 0
-> 9
-> 8
-> 9
-> 8
-> 4
-> 1
7,-> 7
7,-> 7
3,-> 3
5,-> 5
-> 1
-> 0
-> 0
2,-> 2
2,-> 2
7,-> 7
-> 8
-> 2
-> 0
1,-> 1
-> 2
-> 6
3,-> 3
3,-> 3
7,-> 7
3,-> 3
3,-> 3
-> 4
-> 6
-> 6
-> 6
-> 4
-> 9
-> 1
5,-> 5
-> 0
1,-> 9
5,-> 5
2,-> 2
-> 8
2,-> 2
-> 0
-> 0
1,-> 1
-> 7
-> 6
3,-> 3
2,-> 2
-> 1
7,-> 7
-> 4
-> 6
3,-> 3
-> 1
3,-> 3
-> 9
-> 1
7,-> 7
-> 6
-> 8
-> 4
3,-> 3
-> 1
7,-> 4
-> 0
5,-> 5
3,-> 3
-> 6
-> 9
-> 6
-> 1
7,-> 7
5,-> 5
-> 4
-> 4
7,-> 7
2,-> 2
8,-> 8
2,-> 2
2,-> 2
5,-> 5
7,-> 7
-> 9
5,-> 5
-> 4
-> 8
8,-> 8
-> 4
-> 9
-> 0
-> 8
-> 9
8,-> 8
-> 0
1,-> 1
2,-> 2
3,5,-> 3
-> 4
5,-> 5
-> 6
7,-> 7
-> 8
-> 9
-> 0
1,-> 1
2,-> 2
3,-> 3
-> 4
5,-> 5
-> 6
7,-> 7
1,-> 8
-> 9
-> 0
1,-> 1
2,-> 2
3,-> 3
-> 4
5,-> 5
-> 6
7,-> 7
-> 8
-> 9
-> 0
-> 9
-> 5
5,-> 5
-> 6
5,-> 5
-> 0
-> 9
-> 8
-> 9
-> 8
-> 4
-> 1
7,-> 7
7,-> 7
3,-> 3
5,-> 5
-> 1
-> 0
-> 0
2,-> 2
2,-> 2
7,-> 7
-> 8
2,-> 2
-> 0
2,-> 1
2,-> 2
-> 6
3,-> 3
3,-> 3
7,-> 7
3,-> 3
3,-> 3
-> 4
-> 6
-> 6
-> 6
-> 4
-> 9
-> 1
-> 5
-> 0
-> 9
5,-> 5
2,-> 2
-> 8
2,-> 2
-> 0
-> 0
-> 1
7,-> 7
-> 6
3,-> 3
-> 2
-> 1
7,-> 7
-> 4
-> 6
3,-> 3
1,-> 1
3,-> 3
-> 9
1,-> 1
7,-> 7
-> 6
-> 8
-> 4
3,-> 3
1,-> 1
-> 4
-> 0
5,-> 5
-> 3
-> 6
-> 9
-> 6
-> 1
3,7,-> 7
5,-> 5
-> 4
-> 4
7,-> 7
2,-> 2
-> 8
-> 2
2,-> 2
5,-> 5
7,-> 7
-> 9
5,-> 5
-> 4
-> 8
-> 8
-> 4
-> 9
-> 0
-> 8
-> 9
-> 8
1,-> 1
2,-> 2
3,-> 3
-> 4
5,-> 5
-> 6
7,-> 7
-> 8
-> 9
-> 0
1,2,-> 1
2,-> 2
3,-> 3
-> 4
-> 5
-> 6
7,-> 7
-> 8
-> 9
-> 0
1,-> 1
2,-> 2
3,-> 3
-> 4
-> 5
-> 6
7,-> 7
-> 8
-> 9
-> 0
-> 9
5,-> 5
5,-> 5
-> 6
5,-> 5
-> 0
-> 9
-> 8
-> 9
-> 8
-> 4
1,-> 1
7,-> 7
7,-> 7
3,-> 3
-> 5
1,-> 1
2,-> 2
7,-> 7
-> 8
2,-> 2
-> 0
1,-> 1
2,-> 2
-> 6
3,-> 3
3,-> 3
7,-> 7
3,-> 3
-> 3
-> 4
-> 6
-> 6
-> 6
-> 4
-> 9
1,-> 1
5,-> 5
-> 0
-> 9
-> 5
2,-> 2
-> 8
2,-> 2
-> 0
-> 0
1,-> 1
7,-> 7
-> 6
3,-> 3
2,-> 2
-> 1
-> 4
-> 6
3,-> 3
1,-> 1
3,-> 3
-> 9
1,-> 1
7,-> 7
-> 6
-> 8
-> 4
3,-> 3
1,-> 1
-> 4
-> 0
5,-> 5
3,-> 3
-> 6
-> 9
-> 6
1,-> 1
7,-> 7
-> 5
-> 4
-> 4
7,-> 7
2,-> 2
-> 8
2,-> 2
2,-> 2
-> 5
7,-> 7
-> 9
5,-> 5
-> 4
-> 4
-> 9
-> 0
-> 8
-> 9
-> 8
-> 0
-> 1
2,-> 2
3,-> 3
-> 4
5,-> 5
-> 6
7,-> 7
-> 8
3,-> 9
-> 0
1,-> 1
2,-> 2
-> 3
-> 4
5,-> 5
-> 6
7,-> 7
8,-> 8
-> 9
-> 0
1,-> 1
2,-> 2
3,-> 3
-> 4
5,-> 5
-> 6
7,-> 7
-> 8
-> 9
-> 0
-> 9
5,-> 5
5,-> 5
-> 6
1,5,-> 5
-> 0
-> 9
-> 8
-> 9
-> 8
-> 4
-> 1
7,-> 7
7,-> 7
3,-> 3
5,-> 5
1,-> 1
-> 0
-> 0
7,-> 7
8,-> 8
2,-> 2
-> 0
-> 1
2,-> 2
-> 6
3,-> 3
3,-> 3
7,-> 7
3,-> 3
3,-> 3
-> 4
-> 6
-> 6
-> 6
-> 4
-> 9
1,-> 1
5,-> 5
-> 0
8,-> 9
5,-> 5
2,-> 2
-> 8
-> 2
-> 0
-> 0
1,-> 1
7,-> 7
-> 6
3,-> 3
2,-> 2
1,-> 1
7,-> 7
-> 4
-> 6
3,-> 3
-> 1
-> 3
-> 9
1,-> 1
7,-> 7
-> 6
-> 8
-> 4
3,-> 3
-> 1
-> 4
-> 0
5,-> 5
3,-> 3
-> 6
-> 9
-> 6
1,-> 1
7,-> 7
5,-> 5
-> 4
-> 4
7,-> 7
2,-> 2
-> 8
2,-> 2
-> 2
5,-> 5
7,-> 7
-> 9
5,-> 5
-> 4
-> 8
-> 8
-> 4
-> 9
-> 0
8,-> 8
-> 9
-> 8
-> 0
1,-> 1
2,-> 2
3,-> 3
-> 4
5,-> 5
-> 6
7,-> 7
-> 8
-> 9
-> 0
1,-> 1
2,-> 2
3,-> 3
-> 4
5,-> 5
-> 6
7,-> 7
8,-> 8
-> 9
-> 0
-> 1
2,-> 2
3,-> 3
-> 4
5,-> 5
-> 6
7,-> 7
8,-> 8
-> 9
-> 0
-> 9
5,-> 5
5,-> 5
-> 6
5,-> 5
-> 0
-> 9
8,-> 8
-> 9
5,8,-> 8
-> 4
-> 1
7,-> 7
7,-> 7
-> 3
5,-> 5
1,-> 1
-> 0
-> 0
2,-> 2
2,-> 2
7,-> 7
-> 8
2,-> 2
-> 0
1,-> 1
2,-> 2
-> 6
3,-> 3
3,-> 3
-> 7
3,-> 3
3,-> 3
-> 4
-> 6
-> 6
-> 6
-> 4
-> 9
-> 1
5,-> 5
-> 0
-> 9
5,-> 5
2,-> 2
8,-> 8
-> 2
-> 0
-> 0
1,-> 1
7,-> 7
-> 6
3,-> 3
2,-> 2
-> 1
7,-> 7
-> 4
-> 6
3,-> 3
-> 1
3,-> 3
-> 9
-> 1
7,-> 7
-> 6
5,8,-> 8
-> 4
3,-> 3
-> 1
-> 4
-> 0
5,-> 5
3,-> 3
-> 6
-> 9
-> 6
-> 1
-> 7
5,-> 5
-> 4
-> 4
7,-> 7
2,-> 2
-> 8
2,-> 2
2,-> 2
2,5,-> 5
7,-> 7
-> 9
5,-> 5
-> 4
8,-> 8
8,-> 8
-> 4
-> 9
7,-> 0
8,-> 8
-> 9
8,-> 8
-> 0
-> 1
2,-> 2
3,-> 3
-> 4
5,-> 5
-> 6
7,-> 7
-> 8
-> 9
-> 0
1,-> 1
1,-> 2
3,-> 3
-> 4
5,-> 5
-> 6
7,-> 7
8,-> 8
-> 9
-> 0
1,3,-> 1
1,-> 2
3,-> 3
-> 4
5,-> 5
-> 6
7,-> 7
8,-> 8
-> 9
-> 0
-> 9
5,-> 5
5,-> 5
-> 6
5,-> 5
-> 0
-> 9
-> 8
-> 9
-> 8
-> 4
1,-> 1
7,-> 7
7,-> 7
3,-> 3
5,-> 5
1,-> 1
-> 0
-> 0
-> 2
-> 2
7,-> 7
8,-> 8
-> 2
-> 0
1,-> 1
-> 2
-> 6
3,-> 3
3,-> 3
7,-> 7
-> 3
3,-> 3
-> 4
-> 6
-> 6
-> 6
-> 4
-> 9
1,-> 1
5,-> 5
-> 0
-> 9
-> 5
2,-> 2
-> 8
-> 2
-> 0
-> 0
1,-> 1
7,-> 7
-> 6
3,-> 3
2,-> 2
1,-> 1
7,-> 7
-> 4
-> 6
3,5,8,-> 3
1,-> 1
3,-> 3
-> 9
1,-> 1
7,-> 7
-> 6
8,-> 8
-> 4
3,-> 3
1,-> 1
-> 4
-> 0
5,-> 5
3,-> 3
-> 6
-> 9
-> 6
1,-> 1
7,-> 7
5,-> 5
-> 4
-> 4
7,-> 7
-> 2
-> 8
2,-> 2
2,-> 2
5,-> 5
7,-> 7
-> 9
5,-> 5
-> 4
8,-> 8
8,-> 8
-> 4
-> 9
-> 0
8,-> 8
-> 0
1,-> 1
2,-> 2
3,-> 3
-> 4
5,-> 5
-> 6
7,-> 7
-> 8
-> 9
-> 0
1,3,-> 1
2,-> 2
3,-> 3
-> 4
5,-> 5
-> 6
7,-> 7
-> 8
-> 9
-> 0
1,-> 1
2,-> 2
3,-> 3
-> 4
5,-> 5
-> 6
7,-> 7
-> 8
-> 9
-> 0
-> 9
5,-> 5
5,-> 5
-> 6
5,-> 5
-> 0
-> 9
-> 8
-> 9
-> 8
-> 4
-> 1
7,-> 7
-> 7
3,-> 3
5,-> 5
-> 1
-> 0
-> 0
2,-> 2
2,-> 2
7,-> 7
-> 8
2,-> 2
-> 0
-> 1
2,-> 2
-> 6
3,-> 3
3,-> 3
7,-> 7
3,-> 3
3,-> 3
-> 4
-> 6
-> 6
-> 6
-> 4
-> 9
-> 1
5,-> 5
-> 0
-> 9
5,-> 5
2,-> 2
-> 8
2,-> 2
-> 0
-> 0
-> 1
7,-> 7
-> 6
3,-> 3
2,-> 2
1,3,-> 1
7,-> 7
-> 4
-> 6
3,-> 3
1,-> 1
3,-> 3
-> 9
3,-> 1
7,-> 7
-> 6
-> 8
-> 4
3,-> 3
-> 1
-> 4
-> 0
5,-> 5
3,-> 3
-> 6
-> 9
-> 6
-> 1
-> 7
5,-> 5
-> 4
-> 4
7,-> 7
2,-> 2
-> 8
2,-> 2
2,-> 2
5,-> 5
7,-> 7
-> 9
5,-> 5
-> 4
-> 8
-> 8
-> 4
7,-> 9
-> 0
-> 8
-> 9
-> 8
-> 0
1,-> 1
2,-> 2
1,3,-> 3
-> 4
5,-> 5
-> 6
-> 7
-> 8
-> 9
-> 0
-> 1
-> 2
3,-> 3
-> 4
5,-> 5
-> 6
7,-> 9
-> 0
-> 1
-> 2
3,-> 3
-> 4
5,-> 5
-> 6
-> 7
-> 8
7,-> 9
-> 0
-> 9
-> 5
5,-> 5
-> 6
5,-> 5
-> 0
-> 9
-> 8
-> 9
-> 8
-> 4
1,-> 1
7,-> 7
7,-> 7
1,-> 3
5,-> 5
1,-> 1
-> 0
-> 0
-> 2
2,-> 2
-> 7
8,-> 8
-> 2
-> 0
1,-> 1
2,-> 2
-> 6
-> 3
7,8,-> 3
7,-> 7
-> 3
8,-> 3
-> 4
-> 6
-> 6
-> 6
-> 4
-> 9
1,-> 1
5,-> 5
-> 0
-> 9
1,-> 5
-> 2
-> 8
-> 0
1,-> 1
7,-> 7
-> 6
3,-> 3
2,-> 2
1,-> 1
7,-> 7
-> 4
-> 6
3,-> 3
1,-> 1
-> 3
-> 9
1,-> 1
7,-> 7
-> 6
-> 8
-> 4
3,-> 3
1,-> 1
-> 4
-> 0
5,-> 5
3,-> 3
-> 6
3,-> 9
-> 6
1,-> 1
-> 7
5,-> 5
-> 4
-> 4
7,-> 7
2,-> 2
-> 2
5,-> 5
7,-> 7
-> 9
5,-> 5
-> 4
-> 4
-> 9
-> 0
8,-> 8
-> 9
-> 8
-> 0
-> 1
2,-> 2
-> 3
-> 4
5,-> 5
-> 6
7,-> 7
3,-> 8
-> 9
-> 0
-> 1
2,-> 2
-> 3
-> 4
5,-> 5
-> 6
7,-> 7
8,-> 8
-> 9
-> 0
-> 1
2,-> 2
-> 3
-> 4
5,-> 5
-> 6
7,-> 7
-> 8
-> 9
-> 0
-> 9
5,-> 5
-> 5
-> 6
5,-> 5
-> 0
-> 9
-> 8
3,-> 9
8,-> 8
-> 4
1,-> 1
7,-> 7
7,-> 7
-> 3
5,-> 5
-> 1
-> 0
-> 0
2,-> 2
2,-> 2
7,-> 7
8,-> 8
2,-> 2
-> 0
1,-> 1
2,-> 2
-> 6
-> 3
-> 3
7,-> 7
-> 3
-> 3
-> 4
-> 6
-> 6
-> 6
-> 4
-> 9
-> 1
5,-> 5
-> 0
-> 9
-> 5
2,3,-> 2
-> 8
2,-> 2
-> 0
-> 0
-> 1
7,-> 7
-> 6
3,-> 3
2,-> 2
1,-> 1
7,-> 7
-> 4
-> 6
3,-> 3
-> 1
3,-> 3
-> 9
1,-> 1
7,-> 7
-> 6
-> 8
-> 4
-> 3
-> 1
-> 4
-> 0
5,-> 5
3,-> 3
-> 6
-> 9
-> 6
-> 1
7,-> 7
5,-> 5
-> 4
-> 4
1,7,-> 7
2,-> 2
-> 8
2,-> 2
2,-> 2
5,-> 5
7,-> 7
-> 9
-> 5
-> 4
-> 8
-> 8
-> 4
-> 9
-> 0
-> 8
-> 9
-> 8
